Matrix Dimension= 641
List of nonzero entries: I , J , A(I,J)
0	0	1.73084
0	1	-0.33856
0	3	-0.298785
0	5	-0.499961
0	6	-0.593534
1	0	-0.33856
1	1	1.73951
1	6	-0.468979
1	7	-0.374113
1	8	-0.557855
2	2	1.76532
2	4	-0.203995
2	9	-0.756381
2	10	-0.146775
2	12	-0.658173
3	0	-0.298785
3	3	2.19871
3	4	-0.768832
3	5	-1.12878
3	16	-0.00231747
4	2	-0.203995
4	3	-0.768832
4	4	2.13305
4	9	-0.981591
4	15	-0.154852
4	16	-0.0237785
5	0	-0.499961
5	3	-1.12878
5	5	3.99022
5	6	-0.602442
5	16	-1.17221
5	18	-0.586824
6	0	-0.593534
6	1	-0.468979
6	5	-0.602442
6	6	3.47708
6	8	-0.682066
6	14	-0.544263
6	18	-0.585796
7	1	-0.374113
7	7	1.75241
7	8	-0.444527
7	19	-0.405839
7	20	-0.527934
8	1	-0.557855
8	6	-0.682066
8	7	-0.444527
8	8	3.49413
8	14	-0.546181
8	20	-0.75328
8	21	-0.51022
9	2	-0.756381
9	4	-0.981591
9	9	3.96168
9	12	-0.298403
9	15	-1.1442
9	22	-0.7811
10	2	-0.146775
10	10	1.9618
10	11	-0.531765
10	12	-0.996344
10	24	-0.28692
11	10	-0.531765
11	11	1.97045
11	13	-0.442744
11	23	-0.967166
11	24	-0.0287708
12	2	-0.658173
12	9	-0.298403
12	10	-0.996344
12	12	3.82995
12	22	-0.805636
12	24	-1.0714
13	11	-0.442744
13	13	2.00819
13	23	-0.0304436
13	26	-0.348691
13	29	-1.18631
14	6	-0.544263
14	8	-0.546181
14	14	3.72733
14	17	-0.0434962
14	18	-0.849647
14	21	-0.430745
14	30	-1.02606
14	31	-0.286931
15	4	-0.154852
15	9	-1.1442
15	15	4.20664
15	16	-1.2129
15	22	-0.53492
15	25	-0.0434961
15	34	-1.11626
16	3	-0.00231747
16	4	-0.0237785
16	5	-1.17221
16	15	-1.2129
16	16	4.19288
16	18	-0.750765
16	34	-0.0434962
16	35	-0.987398
17	14	-0.0434962
17	17	3.73029
17	18	-0.884309
17	31	-0.761777
17	32	-0.534826
17	33	-0.798255
17	35	-0.707626
18	5	-0.586824
18	6	-0.585796
18	14	-0.849647
18	16	-0.750765
18	17	-0.884309
18	18	3.70084
18	35	-0.0434963
19	7	-0.405839
19	19	1.76764
19	20	-0.425194
19	36	-0.434022
19	37	-0.502583
20	7	-0.527934
20	8	-0.75328
20	19	-0.425194
20	20	3.51992
20	21	-0.513974
20	37	-0.816865
20	38	-0.482669
21	8	-0.51022
21	14	-0.430745
21	20	-0.513974
21	21	3.57499
21	30	-0.83839
21	38	-0.511093
21	39	-0.770568
22	9	-0.7811
22	12	-0.805636
22	15	-0.53492
22	22	3.82064
22	24	-0.383961
22	25	-1.22288
22	40	-0.0921413
23	11	-0.967166
23	13	-0.0304436
23	23	3.73689
23	24	-0.805681
23	28	-0.653284
23	29	-0.594002
23	41	-0.686316
24	10	-0.28692
24	11	-0.0287708
24	12	-1.0714
24	22	-0.383961
24	23	-0.805681
24	24	3.82404
24	40	-0.91788
24	41	-0.329428
25	15	-0.0434961
25	22	-1.22288
25	25	4.01733
25	34	-0.792918
25	40	-0.884807
25	42	-0.0337444
25	43	-1.03949
26	13	-0.348691
26	26	1.83598
26	27	-0.400509
26	29	-0.205115
26	45	-0.881667
27	26	-0.400509
27	27	1.96845
27	44	-1.19584
27	45	-0.165561
27	47	-0.206541
28	23	-0.653284
28	28	3.86382
28	29	-1.19084
28	41	-0.543254
28	52	-0.463745
28	53	-1.0127
29	13	-1.18631
29	23	-0.594002
29	26	-0.205115
29	28	-1.19084
29	29	4.01831
29	45	-0.793885
29	53	-0.0481535
30	14	-1.02606
30	21	-0.83839
30	30	3.84355
30	31	-1.02755
30	39	-0.26368
30	54	-0.687865
31	14	-0.286931
31	17	-0.761777
31	30	-1.02755
31	31	3.75947
31	32	-0.818338
31	54	-0.396928
31	55	-0.467948
32	17	-0.534826
32	31	-0.818338
32	32	3.52863
32	33	-0.429887
32	55	-0.53717
32	56	-0.455152
32	57	-0.753264
33	17	-0.798255
33	32	-0.429887
33	33	3.93572
33	35	-0.511169
33	57	-0.831814
33	58	-1.3646
34	15	-1.11626
34	16	-0.0434962
34	25	-0.792918
34	34	3.96315
34	35	-0.903789
34	42	-1.07294
34	58	-0.0337445
35	16	-0.987398
35	17	-0.707626
35	18	-0.0434963
35	33	-0.511169
35	34	-0.903789
35	35	3.7623
35	58	-0.608823
36	19	-0.434022
36	36	1.7838
36	37	-0.40997
36	60	-0.458865
36	61	-0.480944
37	19	-0.502583
37	20	-0.816865
37	36	-0.40997
37	37	3.5505
37	38	-0.487495
37	59	-0.460206
37	61	-0.873379
38	20	-0.482669
38	21	-0.511093
38	37	-0.487495
38	38	3.74041
38	39	-1.13223
38	59	-0.784273
38	62	-0.335558
38	63	-0.0070987
39	21	-0.770568
39	30	-0.26368
39	38	-1.13223
39	39	3.93044
39	54	-0.799132
39	63	-0.964832
40	22	-0.0921413
40	24	-0.91788
40	25	-0.884807
40	40	3.85258
40	41	-1.06902
40	43	-0.592961
40	67	-0.295771
41	23	-0.686316
41	24	-0.329428
41	28	-0.543254
41	40	-1.06902
41	41	3.64622
41	52	-0.641006
41	67	-0.377193
42	25	-0.0337444
42	34	-1.07294
42	42	3.92074
42	43	-0.794096
42	58	-0.907538
42	68	-1.03273
42	69	-0.0796976
43	25	-1.03949
43	40	-0.592961
43	42	-0.794096
43	43	3.94962
43	67	-0.331426
43	69	-1.19165
44	27	-1.19584
44	44	4.03808
44	45	-0.668951
44	47	-0.308504
44	49	-0.740649
44	72	-1.12413
45	26	-0.881667
45	27	-0.165561
45	29	-0.793885
45	44	-0.668951
45	45	3.60699
45	53	-0.546714
45	71	-0.514664
45	72	-0.0355452
46	46	2.00819
46	66	-0.442744
46	73	-0.0304437
46	74	-1.18631
46	75	-0.348691
47	27	-0.206541
47	44	-0.308504
47	47	1.83614
47	48	-0.394995
47	49	-0.916045
47	76	-0.0100603
48	47	-0.394995
48	48	1.75727
48	50	-0.205923
48	76	-0.675684
48	77	-0.480666
49	44	-0.740649
49	47	-0.916045
49	49	4.08841
49	72	-1.00557
49	76	-1.31427
49	78	-0.111874
50	48	-0.205923
50	50	2.15899
50	51	-0.540901
50	77	-1.36649
50	79	-0.0456755
51	50	-0.540901
51	51	2.1814
51	75	-0.228646
51	79	-1.41185
52	28	-0.463745
52	41	-0.641006
52	52	3.6832
52	53	-0.775481
52	67	-0.531273
52	80	-0.943823
52	81	-0.327876
53	28	-1.0127
53	29	-0.0481535
53	45	-0.546714
53	52	-0.775481
53	53	3.86993
53	70	-1.11555
53	71	-0.36701
53	81	-0.00432636
54	30	-0.687865
54	31	-0.396928
54	39	-0.799132
54	54	3.54449
54	55	-0.740297
54	63	-0.487977
54	83	-0.432294
55	31	-0.467948
55	32	-0.53717
55	54	-0.740297
55	55	3.49816
55	56	-0.507747
55	83	-0.661863
55	84	-0.583138
56	32	-0.455152
56	55	-0.507747
56	56	3.78558
56	57	-0.842372
56	84	-1.00573
56	85	-0.974575
57	32	-0.753264
57	33	-0.831814
57	56	-0.842372
57	57	3.92635
57	58	-0.0834347
57	85	-0.187798
57	86	-1.22442
57	87	-0.00324941
58	33	-1.3646
58	34	-0.0337445
58	35	-0.608823
58	42	-0.907538
58	57	-0.0834347
58	58	4.07287
58	68	-0.0796976
58	87	-0.995031
59	37	-0.460206
59	38	-0.784273
59	59	3.85262
59	61	-0.465559
59	62	-1.31922
59	88	-0.823356
60	36	-0.458865
60	60	1.91248
60	61	-0.1713
60	89	-1.02464
60	90	-0.257667
61	36	-0.480944
61	37	-0.873379
61	59	-0.465559
61	60	-0.1713
61	61	3.57762
61	88	-0.436275
61	89	-0.907282
61	91	-0.24288
62	38	-0.335558
62	59	-1.31922
62	62	4.09148
62	63	-0.422551
62	88	-0.0164208
62	92	-0.741688
62	93	-1.25604
63	38	-0.0070987
63	39	-0.964832
63	54	-0.487977
63	62	-0.422551
63	63	3.77273
63	83	-0.865738
63	93	-0.814396
63	94	-0.210139
64	64	2.0023
64	65	-0.397476
64	95	-0.442308
64	96	-0.013913
64	101	-1.1486
65	64	-0.397476
65	65	1.84566
65	66	-0.531765
65	101	-0.236621
65	102	-0.6798
66	46	-0.442744
66	65	-0.531765
66	66	1.97045
66	73	-0.967166
66	102	-0.0287709
67	40	-0.295771
67	41	-0.377193
67	43	-0.331426
67	52	-0.531273
67	67	3.47203
67	69	-0.566014
67	80	-0.650769
67	103	-0.719582
68	42	-1.03273
68	58	-0.0796976
68	68	3.78006
68	69	-0.699387
68	87	-0.893658
68	104	-0.344971
68	105	-0.72962
69	42	-0.0796976
69	43	-1.19165
69	67	-0.566014
69	68	-0.699387
69	69	3.7235
69	103	-0.552316
69	105	-0.634435
70	53	-1.11555
70	70	4.00744
70	71	-0.855649
70	81	-0.909774
70	82	-1.09256
70	106	-0.0339096
71	45	-0.514664
71	53	-0.36701
71	70	-0.855649
71	71	3.88779
71	72	-1.20609
71	106	-0.944378
72	44	-1.12413
72	45	-0.0355452
72	49	-1.00557
72	71	-1.20609
72	72	4.23901
72	78	-0.811471
72	106	-0.0562036
73	46	-0.0304437
73	66	-0.967166
73	73	3.75139
73	74	-0.628173
73	102	-0.839299
73	107	-0.730041
73	108	-0.556266
74	46	-1.18631
74	73	-0.628173
74	74	3.88732
74	75	-0.421892
74	108	-0.88751
74	109	-0.76343
75	46	-0.348691
75	51	-0.228646
75	74	-0.421892
75	75	1.7797
75	79	-0.64849
75	109	-0.131983
76	47	-0.0100603
76	48	-0.675684
76	49	-1.31427
76	76	3.80535
76	77	-0.626387
76	78	-0.628452
76	111	-0.550496
77	48	-0.480666
77	50	-1.36649
77	76	-0.626387
77	77	3.90395
77	79	-0.037185
77	111	-0.556705
77	112	-0.836514
78	49	-0.111874
78	72	-0.811471
78	76	-0.628452
78	78	3.70042
78	106	-0.0650265
78	110	-0.906712
78	111	-0.528314
78	113	-0.648569
79	50	-0.0456755
79	51	-1.41185
79	75	-0.64849
79	77	-0.037185
79	79	4.06374
79	109	-0.837751
79	112	-0.957376
79	114	-0.125415
80	52	-0.943823
80	67	-0.650769
80	80	3.8218
80	81	-1.1222
80	103	-0.310256
80	115	-0.794747
81	52	-0.327876
81	53	-0.00432636
81	70	-0.909774
81	80	-1.1222
81	81	3.9694
81	82	-0.0694193
81	115	-0.497917
81	116	-1.03789
82	70	-1.09256
82	81	-0.0694193
82	82	3.95506
82	106	-0.987621
82	116	-0.862568
82	117	-0.942892
83	54	-0.432294
83	55	-0.661863
83	63	-0.865738
83	83	3.58525
83	84	-0.362889
83	94	-0.482583
83	118	-0.779886
84	55	-0.583138
84	56	-1.00573
84	83	-0.362889
84	84	3.79043
84	85	-0.0162727
84	118	-0.806834
84	119	-1.01557
85	56	-0.974575
85	57	-0.187798
85	84	-0.0162727
85	85	3.93736
85	86	-0.906473
85	119	-0.734529
85	120	-1.11771
86	57	-1.22442
86	85	-0.906473
86	86	4.1108
86	87	-1.08244
86	120	-0.0164652
86	122	-0.880997
87	57	-0.00324941
87	58	-0.995031
87	68	-0.893658
87	86	-1.08244
87	87	3.96112
87	104	-0.925723
87	122	-0.061019
88	59	-0.823356
88	61	-0.436275
88	62	-0.0164208
88	88	3.81471
88	91	-0.678996
88	92	-1.21595
88	124	-0.643714
89	60	-1.02464
89	61	-0.907282
89	89	3.80361
89	90	-0.382015
89	91	-0.973619
89	125	-0.516052
90	60	-0.257667
90	89	-0.382015
90	90	1.77854
90	125	-0.867996
90	126	-0.270866
91	61	-0.24288
91	88	-0.678996
91	89	-0.973619
91	91	3.66082
91	124	-0.855773
91	125	-0.410335
91	127	-0.499215
92	62	-0.741688
92	88	-1.21595
92	92	4.00806
92	93	-0.0705714
92	124	-0.0164208
92	128	-0.795838
92	129	-1.1676
93	62	-1.25604
93	63	-0.814396
93	92	-0.0705714
93	93	3.96873
93	94	-0.895788
93	129	-0.879285
93	130	-0.0526516
94	63	-0.210139
94	83	-0.482583
94	93	-0.895788
94	94	3.77586
94	118	-0.205212
94	130	-1.05879
94	131	-0.923343
95	64	-0.442308
95	95	1.98352
95	96	-1.04672
95	97	-0.482224
95	137	-0.0122708
96	64	-0.013913
96	95	-1.04672
96	96	3.73702
96	101	-0.708162
96	135	-0.674009
96	136	-0.468816
96	137	-0.825407
97	95	-0.482224
97	97	1.98122
97	98	-0.517232
97	137	-0.971129
97	138	-0.0106308
98	97	-0.517232
98	98	1.98792
98	99	-0.547341
98	138	-0.914354
98	139	-0.00899228
99	98	-0.547341
99	99	1.98903
99	100	-1.00103
99	132	-0.0812955
99	139	-0.35936
100	99	-1.00103
100	100	4.04381
100	132	-0.98252
100	139	-1.02467
100	140	-1.03559
101	64	-1.1486
101	65	-0.236621
101	96	-0.708162
101	101	3.69227
101	102	-0.581953
101	135	-0.580477
101	142	-0.436461
102	65	-0.6798
102	66	-0.0287709
102	73	-0.839299
102	101	-0.581953
102	102	3.59211
102	107	-0.213433
102	141	-0.601721
102	142	-0.647131
103	67	-0.719582
103	69	-0.552316
103	80	-0.310256
103	103	3.54306
103	105	-0.477094
103	115	-0.825109
103	145	-0.658701
104	68	-0.344971
104	87	-0.925723
104	104	3.7821
104	105	-0.23595
104	122	-1.02047
104	144	-0.933414
104	146	-0.321571
105	68	-0.72962
105	69	-0.634435
105	103	-0.477094
105	104	-0.23595
105	105	3.64888
105	145	-0.710312
105	146	-0.861464
106	70	-0.0339096
106	71	-0.944378
106	72	-0.0562036
106	78	-0.0650265
106	82	-0.987621
106	106	3.97409
106	110	-1.25256
106	117	-0.184724
106	147	-0.449665
107	73	-0.730041
107	102	-0.213433
107	107	3.91609
107	108	-0.874471
107	141	-1.19845
107	148	-0.899694
108	73	-0.556266
108	74	-0.88751
108	107	-0.874471
108	108	3.69664
108	109	-0.191101
108	148	-0.307085
108	149	-0.880204
109	74	-0.76343
109	75	-0.131983
109	79	-0.837751
109	108	-0.191101
109	109	3.75558
109	114	-0.825797
109	149	-0.979998
109	150	-0.0255197
110	78	-0.906712
110	106	-1.25256
110	110	3.94169
110	113	-0.332167
110	147	-0.605529
110	151	-0.844717
111	76	-0.550496
111	77	-0.556705
111	78	-0.528314
111	111	3.50006
111	112	-0.626387
111	113	-0.785734
111	152	-0.452423
112	77	-0.836514
112	79	-0.957376
112	111	-0.626387
112	112	3.74098
112	114	-0.763996
112	152	-0.556705
113	78	-0.648569
113	110	-0.332167
113	111	-0.785734
113	113	3.91893
113	151	-1.17172
113	152	-0.980736
114	79	-0.125415
114	109	-0.825797
114	112	-0.763996
114	114	3.62958
114	150	-0.731282
114	152	-0.626387
114	153	-0.556705
115	80	-0.794747
115	81	-0.497917
115	103	-0.825109
115	115	3.8264
115	116	-0.0154358
115	145	-0.628971
115	154	-1.06422
116	81	-1.03789
116	82	-0.862568
116	115	-0.0154358
116	116	3.82991
116	117	-0.370032
116	154	-1.0241
116	156	-0.519881
117	82	-0.942892
117	106	-0.184724
117	116	-0.370032
117	117	3.75972
117	147	-0.90326
117	156	-0.447774
117	157	-0.911038
118	83	-0.779886
118	84	-0.806834
118	94	-0.205212
118	118	3.78059
118	119	-0.0986046
118	131	-0.96019
118	158	-0.929861
119	84	-1.01557
119	85	-0.734529
119	118	-0.0986046
119	119	3.78456
119	120	-0.180622
119	121	-0.893716
119	158	-0.855854
119	159	-0.0056629
120	85	-1.11771
120	86	-0.0164652
120	119	-0.180622
120	120	3.81857
120	121	-0.942316
120	122	-0.241363
120	123	-0.629367
120	160	-0.690723
121	119	-0.893716
121	120	-0.942316
121	121	3.83121
121	159	-1.10968
121	160	-0.433269
121	161	-0.452236
122	86	-0.880997
122	87	-0.061019
122	104	-1.02047
122	120	-0.241363
122	122	3.95628
122	123	-1.21805
122	144	-0.0523662
122	162	-0.482018
123	120	-0.629367
123	122	-1.21805
123	123	3.80072
123	160	-0.535484
123	162	-0.615632
123	163	-0.802183
124	88	-0.643714
124	91	-0.855773
124	92	-0.0164208
124	124	3.78244
124	127	-0.439396
124	128	-1.13892
124	164	-0.68821
125	89	-0.516052
125	90	-0.867996
125	91	-0.410335
125	125	3.56254
125	126	-0.376394
125	127	-0.849029
125	166	-0.542733
126	90	-0.270866
126	125	-0.376394
126	126	1.7732
126	166	-0.844228
126	167	-0.281708
127	91	-0.499215
127	124	-0.439396
127	125	-0.849029
127	127	3.54809
127	164	-0.830958
127	166	-0.400812
127	168	-0.52868
128	92	-0.795838
128	124	-1.13892
128	128	3.96196
128	129	-0.0705714
128	164	-0.016421
128	169	-0.849989
128	171	-1.09021
129	92	-1.1676
129	93	-0.879285
129	128	-0.0705714
129	129	3.83987
129	130	-0.725594
129	171	-0.792918
129	172	-0.203908
130	93	-0.0526516
130	94	-1.05879
130	129	-0.725594
130	130	3.67778
130	131	-0.221427
130	170	-0.533763
130	172	-0.70363
130	173	-0.381917
131	94	-0.923343
131	118	-0.96019
131	130	-0.221427
131	131	3.78697
131	158	-0.0986047
131	165	-0.913514
131	173	-0.669894
132	99	-0.0812955
132	100	-0.98252
132	132	2.01127
132	134	-0.592884
132	140	-0.34885
132	179	-0.00571952
133	133	2.03093
133	134	-0.608329
133	174	-0.112162
133	178	-1.02253
133	180	-0.287907
134	132	-0.592884
134	133	-0.608329
134	134	2.02287
134	179	-0.817576
134	180	-0.00408482
135	96	-0.674009
135	101	-0.580477
135	135	3.62588
135	136	-0.774512
135	142	-0.864169
135	143	-0.632857
135	181	-0.0998592
136	96	-0.468816
136	135	-0.774512
136	136	3.81711
136	137	-0.730674
136	181	-0.963284
136	182	-0.879828
137	95	-0.0122708
137	96	-0.825407
137	97	-0.971129
137	136	-0.730674
137	137	3.88496
137	138	-1.11502
137	182	-0.171128
137	183	-0.0593397
138	97	-0.0106308
138	98	-0.914354
138	137	-1.11502
138	138	3.90085
138	139	-0.881353
138	183	-0.775242
138	184	-0.204258
139	98	-0.00899228
139	99	-0.35936
139	100	-1.02467
139	138	-0.881353
139	139	4.02721
139	140	-0.428933
139	184	-1.25988
139	185	-0.0640258
140	100	-1.03559
140	132	-0.34885
140	139	-0.428933
140	140	4.02321
140	179	-0.996269
140	185	-1.14955
140	186	-0.0640256
141	102	-0.601721
141	107	-1.19845
141	141	4.05322
141	142	-1.0993
141	148	-0.0235988
141	188	-1.00277
141	190	-0.127385
142	101	-0.436461
142	102	-0.647131
142	135	-0.864169
142	141	-1.0993
142	142	3.77111
142	143	-0.597614
142	190	-0.126443
143	135	-0.632857
143	142	-0.597614
143	143	3.75785
143	181	-0.863921
143	189	-0.858342
143	190	-0.80512
144	104	-0.933414
144	122	-0.0523662
144	144	3.7315
144	146	-0.826771
144	162	-0.845152
144	192	-0.33061
144	193	-0.743188
145	103	-0.658701
145	105	-0.710312
145	115	-0.628971
145	145	3.6344
145	146	-0.676009
145	154	-0.0291921
145	155	-0.80742
145	194	-0.123794
146	104	-0.321571
146	105	-0.861464
146	144	-0.826771
146	145	-0.676009
146	146	3.73512
146	193	-0.187367
146	194	-0.861941
147	106	-0.449665
147	110	-0.605529
147	117	-0.90326
147	147	3.62047
147	151	-0.28313
147	157	-0.485132
147	195	-0.893753
148	107	-0.899694
148	108	-0.307085
148	141	-0.0235988
148	148	3.81108
148	149	-0.678155
148	188	-0.581261
148	191	-1.16988
148	196	-0.151405
149	108	-0.880204
149	109	-0.979998
149	148	-0.678155
149	149	3.88582
149	150	-1.10971
149	196	-0.237751
150	109	-0.0255197
150	114	-0.731282
150	149	-1.10971
150	150	3.74375
150	153	-0.642282
150	196	-0.585978
150	197	-0.648971
151	110	-0.844717
151	113	-1.17172
151	147	-0.28313
151	151	3.94642
151	152	-0.0379453
151	195	-0.519
151	198	-1.0899
152	111	-0.452423
152	112	-0.556705
152	113	-0.980736
152	114	-0.626387
152	151	-0.0379453
152	152	3.70063
152	153	-0.844717
152	198	-0.201713
153	114	-0.556705
153	150	-0.642282
153	152	-0.844717
153	153	3.65632
153	197	-0.273696
153	198	-0.422388
153	199	-0.916531
154	115	-1.06422
154	116	-1.0241
154	145	-0.0291921
154	154	3.96159
154	155	-1.09651
154	156	-0.536912
154	203	-0.21065
155	145	-0.80742
155	154	-1.09651
155	155	3.83161
155	194	-0.868552
155	202	-0.277943
155	203	-0.78119
156	116	-0.519881
156	117	-0.447774
156	154	-0.536912
156	156	3.65171
156	157	-0.332063
156	203	-0.202277
156	204	-1.14627
156	205	-0.466533
157	117	-0.911038
157	147	-0.485132
157	156	-0.332063
157	157	3.69194
157	195	-0.49372
157	200	-0.00277141
157	201	-0.905342
157	205	-0.561877
158	118	-0.929861
158	119	-0.855854
158	131	-0.0986047
158	158	3.84137
158	159	-0.94567
158	165	-0.931463
158	206	-0.0799164
159	119	-0.0056629
159	121	-1.10968
159	158	-0.94567
159	159	3.83865
159	161	-0.555447
159	206	-0.902251
159	207	-0.31994
160	120	-0.690723
160	121	-0.433269
160	123	-0.535484
160	160	3.50402
160	161	-0.63292
160	163	-0.487705
160	208	-0.723921
161	121	-0.452236
161	159	-0.555447
161	160	-0.63292
161	161	3.50677
161	207	-0.755681
161	208	-0.451954
161	209	-0.658533
162	122	-0.482018
162	123	-0.615632
162	144	-0.845152
162	162	3.64329
162	163	-0.591679
162	192	-0.864404
162	210	-0.244408
163	123	-0.802183
163	160	-0.487705
163	162	-0.591679
163	163	3.54179
163	208	-0.608789
163	210	-0.724926
163	211	-0.326505
164	124	-0.68821
164	127	-0.830958
164	128	-0.016421
164	164	3.76257
164	168	-0.42579
164	169	-1.07096
164	213	-0.730231
165	131	-0.913514
165	158	-0.931463
165	165	3.88883
165	173	-0.0566227
165	206	-0.872413
165	214	-1.0349
165	215	-0.0799166
166	125	-0.542733
166	126	-0.844228
166	127	-0.400812
166	166	3.55269
166	167	-0.372874
166	168	-0.827311
166	216	-0.564736
167	126	-0.281708
167	166	-0.372874
167	167	1.76927
167	216	-0.824415
167	217	-0.290278
168	127	-0.52868
168	164	-0.42579
168	166	-0.827311
168	168	3.53965
168	213	-0.811011
168	216	-0.393458
168	219	-0.553395
169	128	-0.849989
169	164	-1.07096
169	169	3.93401
169	171	-0.0705714
169	213	-0.016421
169	218	-0.90414
169	220	-1.02193
170	130	-0.533763
170	170	3.76378
170	172	-1.01047
170	173	-0.615433
170	221	-0.811705
170	222	-0.792412
171	128	-1.09021
171	129	-0.792918
171	169	-0.0705714
171	171	3.90907
171	172	-1.04491
171	220	-0.848354
171	223	-0.0621051
172	129	-0.203908
172	130	-0.70363
172	170	-1.01047
172	171	-1.04491
172	172	3.87046
172	222	-0.00538405
172	223	-0.902154
173	130	-0.381917
173	131	-0.669894
173	165	-0.0566227
173	170	-0.615433
173	173	3.71006
173	214	-1.12239
173	221	-0.699165
173	224	-0.164644
174	133	-0.112162
174	174	1.81627
174	177	-0.114164
174	178	-0.788818
174	226	-0.801125
175	175	1.82083
175	176	-0.112162
175	212	-0.106111
175	225	-0.79265
175	227	-0.809902
176	175	-0.112162
176	176	1.81627
176	177	-0.114164
176	227	-0.788819
176	228	-0.801125
177	174	-0.114164
177	176	-0.114164
177	177	1.81513
177	226	-0.793401
177	228	-0.793401
178	133	-1.02253
178	174	-0.788818
178	178	3.87065
178	180	-1.02972
178	226	-0.226432
178	229	-0.803152
179	132	-0.00571952
179	134	-0.817576
179	140	-0.996269
179	179	3.98614
179	180	-1.04635
179	186	-1.0562
179	231	-0.0640258
180	133	-0.287907
180	134	-0.00408482
180	178	-1.02972
180	179	-1.04635
180	180	3.98493
180	229	-0.57666
180	231	-0.976182
180	232	-0.0640257
181	135	-0.0998592
181	136	-0.963284
181	143	-0.863921
181	181	4.05604
181	182	-0.737834
181	187	-1.36717
181	189	-0.0115196
181	233	-0.0124577
182	136	-0.879828
182	137	-0.171128
182	181	-0.737834
182	182	4.04786
182	183	-1.19486
182	233	-1.0642
183	137	-0.0593397
183	138	-0.775242
183	182	-1.19486
183	183	3.97577
183	184	-0.952429
183	233	-0.0770156
183	235	-0.91688
184	138	-0.204258
184	139	-1.25988
184	183	-0.952429
184	184	3.83798
184	185	-0.730869
184	235	-0.201059
184	236	-0.489487
185	139	-0.0640258
185	140	-1.14955
185	184	-0.730869
185	185	3.72225
185	186	-0.728765
185	236	-0.578079
185	237	-0.470958
186	140	-0.0640256
186	179	-1.0562
186	185	-0.728765
186	186	3.71634
186	231	-0.809469
186	234	-0.375649
186	237	-0.682228
187	181	-1.36717
187	187	4.13077
187	189	-0.536034
187	233	-0.802844
187	238	-1.29698
187	239	-0.12774
188	141	-1.00277
188	148	-0.581261
188	188	3.84445
188	190	-1.16338
188	191	-0.363818
188	240	-0.733215
189	143	-0.858342
189	181	-0.0115196
189	187	-0.536034
189	189	3.8676
189	190	-0.802426
189	239	-1.23201
189	241	-0.427268
190	141	-0.127385
190	142	-0.126443
190	143	-0.80512
190	188	-1.16338
190	189	-0.802426
190	190	3.82035
190	240	-0.47209
190	241	-0.3235
191	148	-1.16988
191	188	-0.363818
191	191	3.88309
191	196	-0.986601
191	240	-0.472737
191	242	-0.890058
192	144	-0.33061
192	162	-0.864404
192	192	3.75978
192	193	-0.827657
192	210	-0.868845
192	243	-0.868265
193	144	-0.743188
193	146	-0.187367
193	192	-0.827657
193	193	3.80316
193	194	-1.05883
193	243	-0.155081
193	245	-0.831037
194	145	-0.123794
194	146	-0.861941
194	155	-0.868552
194	193	-1.05883
194	194	3.74773
194	202	-0.491583
194	245	-0.343027
195	147	-0.893753
195	151	-0.519
195	157	-0.49372
195	195	3.59186
195	198	-0.556145
195	200	-0.773632
195	247	-0.35561
196	148	-0.151405
196	149	-0.237751
196	150	-0.585978
196	191	-0.986601
196	196	3.6681
196	197	-0.863005
196	242	-0.286658
196	248	-0.556704
197	150	-0.648971
197	153	-0.273696
197	196	-0.863005
197	197	3.60887
197	199	-0.900533
197	248	-0.365963
197	249	-0.556704
198	151	-1.0899
198	152	-0.201713
198	153	-0.422388
198	195	-0.556145
198	198	3.59413
198	199	-0.526665
198	247	-0.367848
198	250	-0.429476
199	153	-0.916531
199	197	-0.900533
199	198	-0.526665
199	199	3.7365
199	249	-0.541156
199	250	-0.851611
200	157	-0.00277141
200	195	-0.773632
200	200	4.17013
200	201	-1.30688
200	247	-1.31084
200	251	-0.776007
201	157	-0.905342
201	200	-1.30688
201	201	3.98723
201	205	-0.955512
201	251	-0.210605
201	252	-0.608895
202	155	-0.277943
202	194	-0.491583
202	202	3.91124
202	203	-1.12285
202	245	-1.09516
202	253	-0.923702
203	154	-0.21065
203	155	-0.78119
203	156	-0.202277
203	202	-1.12285
203	203	3.73926
203	204	-0.61215
203	253	-0.207601
203	254	-0.602542
204	156	-1.14627
204	203	-0.61215
204	204	3.77602
204	205	-0.630518
204	254	-0.702272
204	255	-0.684817
205	156	-0.466533
205	157	-0.561877
205	201	-0.955512
205	204	-0.630518
205	205	3.59603
205	252	-0.460249
205	255	-0.521342
206	158	-0.0799164
206	159	-0.902251
206	165	-0.872413
206	206	3.74288
206	207	-0.604877
206	215	-0.98454
206	256	-0.298878
207	159	-0.31994
207	161	-0.755681
207	206	-0.604877
207	207	3.553
207	209	-0.42186
207	256	-0.847561
207	257	-0.603083
208	160	-0.723921
208	161	-0.451954
208	163	-0.608789
208	208	3.58941
208	209	-0.707465
208	211	-0.881559
208	258	-0.215721
209	161	-0.658533
209	207	-0.42186
209	208	-0.707465
209	209	3.64368
209	257	-0.785653
209	258	-0.942501
209	259	-0.127668
210	162	-0.244408
210	163	-0.724926
210	192	-0.868845
210	210	3.54364
210	211	-0.658668
210	243	-0.148803
210	244	-0.516297
210	262	-0.381689
211	163	-0.326505
211	208	-0.881559
211	210	-0.658668
211	211	3.66083
211	258	-0.653719
211	260	-0.199791
211	262	-0.940588
212	175	-0.106111
212	212	1.83037
212	225	-0.825165
212	263	-0.0958936
212	264	-0.8032
213	164	-0.730231
213	168	-0.811011
213	169	-0.016421
213	213	3.75256
213	218	-1.01055
213	219	-0.414455
213	265	-0.769885
214	165	-1.0349
214	173	-1.12239
214	214	3.87501
214	215	-0.709292
214	224	-0.777335
214	266	-0.231097
215	165	-0.0799166
215	206	-0.98454
215	214	-0.709292
215	215	3.67927
215	256	-0.630798
215	266	-0.675985
215	267	-0.598738
216	166	-0.564736
216	167	-0.824415
216	168	-0.393458
216	216	3.58263
216	217	-0.27273
216	219	-0.71101
216	268	-0.816279
217	167	-0.290278
217	216	-0.27273
217	217	1.81957
217	268	-0.908688
217	269	-0.347874
218	169	-0.90414
218	213	-1.01055
218	218	3.92121
218	220	-0.0705714
218	265	-0.0164209
218	270	-0.961235
218	271	-0.95829
219	168	-0.553395
219	213	-0.414455
219	216	-0.71101
219	219	3.5157
219	265	-0.795311
219	268	-0.485435
219	272	-0.556094
220	169	-1.02193
220	171	-0.848354
220	218	-0.0705714
220	220	3.88654
220	223	-0.979795
220	270	-0.903789
220	273	-0.062105
221	170	-0.811705
221	173	-0.699165
221	221	3.9097
221	222	-0.221951
221	224	-0.897033
221	274	-1.27985
222	170	-0.792412
222	172	-0.00538405
222	221	-0.221951
222	222	3.8518
222	223	-1.03255
222	274	-0.835246
222	275	-0.964259
223	171	-0.0621051
223	172	-0.902154
223	220	-0.979795
223	222	-1.03255
223	223	3.94086
223	273	-0.958875
223	275	-0.00538385
224	173	-0.164644
224	214	-0.777335
224	221	-0.897033
224	224	3.88741
224	266	-1.11771
224	274	-0.00437307
224	276	-0.926317
225	175	-0.79265
225	212	-0.825165
225	225	3.67485
225	227	-0.214331
225	230	-0.81695
225	264	-0.193895
225	277	-0.831864
226	174	-0.801125
226	177	-0.793401
226	178	-0.226432
226	226	3.64738
226	228	-0.228332
226	229	-0.800834
226	278	-0.797259
227	175	-0.809902
227	176	-0.788819
227	225	-0.214331
227	227	3.65547
227	228	-0.226433
227	230	-0.81283
227	279	-0.803152
228	176	-0.801125
228	177	-0.793401
228	226	-0.228332
228	227	-0.226433
228	228	3.64738
228	278	-0.797258
228	279	-0.800834
229	178	-0.803152
229	180	-0.57666
229	226	-0.800834
229	229	3.76875
229	232	-0.906835
229	278	-0.61724
229	280	-0.0640257
230	225	-0.81695
230	227	-0.81283
230	230	3.65634
230	277	-0.233401
230	279	-0.215686
230	281	-0.718146
230	282	-0.859328
231	179	-0.0640258
231	180	-0.976182
231	186	-0.809469
231	231	3.72383
231	232	-0.871998
231	234	-0.664522
231	283	-0.33763
232	180	-0.0640257
232	229	-0.906835
232	231	-0.871998
232	232	3.73274
232	280	-0.878571
232	283	-0.712654
232	284	-0.298655
233	181	-0.0124577
233	182	-1.0642
233	183	-0.0770156
233	187	-0.802844
233	233	3.91461
233	235	-0.796352
233	238	-0.0493137
233	286	-1.11243
234	186	-0.375649
234	231	-0.664522
234	234	3.51111
234	237	-0.781153
234	283	-0.53156
234	285	-0.546647
234	287	-0.611578
235	183	-0.91688
235	184	-0.201059
235	233	-0.796352
235	235	3.74255
235	236	-0.836631
235	286	-0.139445
235	288	-0.852179
236	184	-0.489487
236	185	-0.578079
236	235	-0.836631
236	236	3.51804
236	237	-0.60561
236	288	-0.463494
236	289	-0.544739
237	185	-0.470958
237	186	-0.682228
237	234	-0.781153
237	236	-0.60561
237	237	3.53804
237	287	-0.287677
237	289	-0.71041
238	187	-1.29698
238	233	-0.0493137
238	238	4.18088
238	239	-0.623132
238	286	-0.863917
238	290	-1.34754
239	187	-0.12774
239	189	-1.23201
239	238	-0.623132
239	239	3.81296
239	241	-0.437978
239	290	-0.450546
239	291	-0.941553
240	188	-0.733215
240	190	-0.47209
240	191	-0.472737
240	240	3.56113
240	241	-0.511633
240	242	-0.574776
240	292	-0.796677
241	189	-0.427268
241	190	-0.3235
241	239	-0.437978
241	240	-0.511633
241	241	3.43252
241	291	-0.609779
241	292	-0.396502
241	293	-0.725858
242	191	-0.890058
242	196	-0.286658
242	240	-0.574776
242	242	3.64319
242	248	-0.96326
242	292	-0.595613
242	294	-0.332828
243	192	-0.868265
243	193	-0.155081
243	210	-0.148803
243	243	3.83596
243	244	-0.988172
243	245	-0.101717
243	246	-0.957166
243	295	-0.616753
244	210	-0.516297
244	243	-0.988172
244	244	3.78903
244	261	-0.864207
244	262	-0.905228
244	295	-0.105205
244	296	-0.409917
245	193	-0.831037
245	194	-0.343027
245	202	-1.09516
245	243	-0.101717
245	245	4.0781
245	246	-1.40988
245	253	-0.275613
245	297	-0.0216719
246	243	-0.957166
246	245	-1.40988
246	246	4.16861
246	295	-0.854774
246	297	-0.946791
247	195	-0.35561
247	198	-0.367848
247	200	-1.31084
247	247	4.07262
247	250	-1.04679
247	251	-0.00913522
247	298	-0.982399
248	196	-0.556704
248	197	-0.365963
248	242	-0.96326
248	248	3.62931
248	249	-0.898671
248	294	-0.545707
248	299	-0.299002
249	197	-0.556704
249	199	-0.541156
249	248	-0.898671
249	249	3.60289
249	250	-0.406796
249	299	-0.827296
249	300	-0.372263
250	198	-0.429476
250	199	-0.851611
250	247	-1.04679
250	249	-0.406796
250	250	3.6973
250	298	-0.574335
250	300	-0.3883
251	200	-0.776007
251	201	-0.210605
251	247	-0.00913522
251	251	3.72763
251	252	-0.520238
251	298	-0.335005
251	301	-0.834209
251	302	-1.04243
252	201	-0.608895
252	205	-0.460249
252	251	-0.520238
252	252	3.52829
252	255	-0.626387
252	302	-0.718622
252	303	-0.593899
253	202	-0.923702
253	203	-0.207601
253	245	-0.275613
253	253	3.70734
253	254	-0.76584
253	297	-0.79757
253	304	-0.737012
254	203	-0.602542
254	204	-0.702272
254	253	-0.76584
254	254	3.53829
254	255	-0.486639
254	304	-0.321674
254	305	-0.659322
255	204	-0.684817
255	205	-0.521342
255	252	-0.626387
255	254	-0.486639
255	255	3.47963
255	303	-0.550496
255	305	-0.609952
256	206	-0.298878
256	207	-0.847561
256	215	-0.630798
256	256	3.49931
256	257	-0.396178
256	267	-0.231258
256	306	-0.667193
256	308	-0.427444
257	207	-0.603083
257	209	-0.785653
257	256	-0.396178
257	257	3.58958
257	259	-0.777997
257	306	-0.79733
257	309	-0.22934
258	208	-0.215721
258	209	-0.942501
258	211	-0.653719
258	258	3.69151
258	259	-0.762468
258	260	-0.858665
258	311	-0.258436
259	209	-0.127668
259	257	-0.777997
259	258	-0.762468
259	259	3.75193
259	309	-0.987867
259	310	-0.225779
259	311	-0.870151
260	211	-0.199791
260	258	-0.858665
260	260	3.99331
260	262	-0.582563
260	311	-1.26598
260	313	-1.08631
261	244	-0.864207
261	261	4.24787
261	262	-0.771187
261	296	-1.12823
261	312	-1.44093
261	313	-0.0433132
262	210	-0.381689
262	211	-0.940588
262	244	-0.905228
262	260	-0.582563
262	261	-0.771187
262	262	3.76814
262	313	-0.186887
263	212	-0.0958936
263	263	1.84586
263	264	-0.847462
263	316	-0.821208
263	317	-0.0812956
264	212	-0.8032
264	225	-0.193895
264	263	-0.847462
264	264	3.70635
264	277	-0.838204
264	316	-0.1647
264	318	-0.858885
265	213	-0.769885
265	218	-0.0164209
265	219	-0.795311
265	265	3.75049
265	271	-0.956501
265	272	-0.405121
265	321	-0.807256
266	214	-0.231097
266	215	-0.675985
266	224	-1.11771
266	266	3.90848
266	267	-0.607735
266	276	-0.0530107
266	320	-1.07936
266	322	-0.143576
267	215	-0.598738
267	256	-0.231258
267	266	-0.607735
267	267	3.69824
267	308	-0.922798
267	320	-0.769607
267	323	-0.568103
268	216	-0.816279
268	217	-0.908688
268	219	-0.485435
268	268	3.70206
268	269	-0.076453
268	272	-0.50497
268	325	-0.910236
269	217	-0.347874
269	268	-0.076453
269	269	1.95476
269	325	-1.09942
269	326	-0.431012
270	218	-0.961235
270	220	-0.903789
270	270	3.87884
270	271	-0.0705716
270	273	-0.921911
270	324	-0.959225
270	327	-0.0621048
271	218	-0.95829
271	265	-0.956501
271	270	-0.0705716
271	271	3.92115
271	321	-0.0164208
271	324	-0.90693
271	328	-1.01244
272	219	-0.556094
272	265	-0.405121
272	268	-0.50497
272	272	3.76896
272	321	-1.08066
272	325	-0.960111
272	329	-0.262006
273	220	-0.062105
273	223	-0.958875
273	270	-0.921911
273	273	3.93876
273	275	-0.974883
273	327	-1.0156
273	330	-0.00538374
274	221	-1.27985
274	222	-0.835246
274	224	-0.00437307
274	274	4.02568
274	275	-0.0513373
274	276	-0.941951
274	331	-0.912922
275	222	-0.964259
275	223	-0.00538385
275	273	-0.974883
275	274	-0.0513373
275	275	3.94833
275	330	-1.02098
275	331	-0.931483
276	224	-0.926317
276	266	-0.0530107
276	274	-0.941951
276	276	3.86454
276	322	-0.946401
276	331	-0.108058
276	332	-0.888799
277	225	-0.831864
277	230	-0.233401
277	264	-0.838204
277	277	3.64566
277	282	-0.676601
277	318	-0.245664
277	333	-0.819922
278	226	-0.797259
278	228	-0.797258
278	229	-0.61724
278	278	3.77369
278	279	-0.651755
278	280	-0.846156
278	334	-0.0640258
279	227	-0.803152
279	228	-0.800834
279	230	-0.215686
279	278	-0.651755
279	279	3.82929
279	281	-1.05709
279	334	-0.300771
280	229	-0.0640257
280	232	-0.878571
280	278	-0.846156
280	280	3.73034
280	284	-0.721221
280	334	-0.8913
280	335	-0.329061
281	230	-0.718146
281	279	-1.05709
281	281	3.86464
281	282	-0.21692
281	334	-0.98369
281	336	-0.888796
282	230	-0.859328
282	277	-0.676601
282	281	-0.21692
282	282	3.63981
282	333	-0.272748
282	336	-0.771569
282	337	-0.842641
283	231	-0.33763
283	232	-0.712654
283	234	-0.53156
283	283	3.55148
283	284	-0.723247
283	285	-0.819606
283	338	-0.426782
284	232	-0.298655
284	280	-0.721221
284	283	-0.723247
284	284	3.58516
284	335	-0.86171
284	338	-0.651263
284	339	-0.329061
285	234	-0.546647
285	283	-0.819606
285	285	3.57366
285	287	-0.756576
285	338	-0.313769
285	340	-0.585441
285	341	-0.551626
286	233	-1.11243
286	235	-0.139445
286	238	-0.863917
286	286	3.76933
286	288	-0.626934
286	290	-0.123103
286	342	-0.262464
286	343	-0.641041
287	234	-0.611578
287	237	-0.287677
287	285	-0.756576
287	287	3.64397
287	289	-0.85574
287	341	-0.275189
287	344	-0.857206
288	235	-0.852179
288	236	-0.463494
288	286	-0.626934
288	288	3.8078
288	289	-0.622044
288	342	-1.23461
288	345	-0.00853214
289	236	-0.544739
289	237	-0.71041
289	287	-0.85574
289	288	-0.622044
289	289	3.59548
289	344	-0.143457
289	345	-0.719094
290	238	-1.34754
290	239	-0.450546
290	286	-0.123103
290	290	4.01698
290	291	-0.158405
290	343	-0.0302198
290	347	-0.887151
290	348	-1.02002
291	239	-0.941553
291	241	-0.609779
291	290	-0.158405
291	291	3.66794
291	293	-0.36503
291	348	-0.714988
291	349	-0.878185
292	240	-0.796677
292	241	-0.396502
292	242	-0.595613
292	292	3.52329
292	293	-0.628878
292	294	-0.542324
292	350	-0.563293
293	241	-0.725858
293	291	-0.36503
293	292	-0.628878
293	293	3.51549
293	349	-0.661767
293	350	-0.69177
293	351	-0.44219
294	242	-0.332828
294	248	-0.545707
294	292	-0.542324
294	294	3.55561
294	299	-0.869238
294	350	-0.78167
294	352	-0.483848
295	243	-0.616753
295	244	-0.105205
295	246	-0.854774
295	295	3.73992
295	296	-0.806923
295	297	-0.592038
295	353	-0.764224
296	244	-0.409917
296	261	-1.12823
296	295	-0.806923
296	296	3.77794
296	312	-0.127466
296	314	-0.323942
296	353	-0.743861
296	354	-0.237596
297	245	-0.0216719
297	246	-0.946791
297	253	-0.79757
297	295	-0.592038
297	297	3.72772
297	304	-0.495533
297	353	-0.215181
297	355	-0.658937
298	247	-0.982399
298	250	-0.574335
298	251	-0.335005
298	298	3.82042
298	300	-0.973147
298	301	-0.85688
298	356	-0.098657
299	248	-0.299002
299	249	-0.827296
299	294	-0.869238
299	299	3.68097
299	300	-0.907529
299	352	-0.539988
299	357	-0.237918
300	249	-0.372263
300	250	-0.3883
300	298	-0.973147
300	299	-0.907529
300	300	3.70537
300	356	-0.734297
300	357	-0.32983
301	251	-0.834209
301	298	-0.85688
301	301	3.8174
301	302	-0.414012
301	356	-0.784145
301	358	-0.928153
302	251	-1.04243
302	252	-0.718622
302	301	-0.414012
302	302	3.62017
302	303	-0.311151
302	358	-0.160389
302	359	-0.375176
302	360	-0.598381
303	252	-0.593899
303	255	-0.550496
303	302	-0.311151
303	303	3.53166
303	305	-0.626387
303	360	-0.865733
303	361	-0.583996
304	253	-0.737012
304	254	-0.321674
304	297	-0.495533
304	304	3.61701
304	305	-0.402794
304	355	-1.00297
304	362	-0.657036
305	254	-0.659322
305	255	-0.609952
305	303	-0.626387
305	304	-0.402794
305	305	3.50333
305	361	-0.550496
305	362	-0.654375
306	256	-0.667193
306	257	-0.79733
306	306	3.63215
306	307	-0.824866
306	308	-0.337157
306	309	-0.772454
306	363	-0.233155
307	306	-0.824866
307	307	4.05546
307	308	-1.11555
307	363	-0.999929
307	364	-1.11512
308	256	-0.427444
308	267	-0.922798
308	306	-0.337157
308	307	-1.11555
308	308	3.97017
308	323	-1.04057
308	364	-0.126654
309	257	-0.22934
309	259	-0.987867
309	306	-0.772454
309	309	3.70564
309	310	-0.886223
309	363	-0.60326
309	365	-0.226496
310	259	-0.225779
310	309	-0.886223
310	310	3.97887
310	311	-0.536575
310	365	-1.26234
310	367	-1.06796
311	258	-0.258436
311	259	-0.870151
311	260	-1.26598
311	310	-0.536575
311	311	3.82183
311	313	-0.0482978
311	367	-0.130776
311	368	-0.71161
312	261	-1.44093
312	296	-0.127466
312	312	4.1674
312	313	-0.961874
312	314	-0.785315
312	369	-0.851812
313	260	-1.08631
313	261	-0.0433132
313	262	-0.186887
313	311	-0.0482978
313	312	-0.961874
313	313	3.94428
313	368	-0.9384
313	369	-0.679199
314	296	-0.323942
314	312	-0.785315
314	314	3.69785
314	354	-0.849018
314	369	-0.61126
314	370	-0.301168
314	371	-0.827143
315	315	1.98792
315	317	-0.547341
315	319	-0.517232
315	372	-0.914354
315	373	-0.0089923
316	263	-0.821208
316	264	-0.1647
316	316	3.87972
316	317	-1.00103
316	318	-0.868109
316	373	-1.02467
317	263	-0.0812956
317	315	-0.547341
317	316	-1.00103
317	317	1.98903
317	373	-0.35936
318	264	-0.858885
318	277	-0.245664
318	316	-0.868109
318	318	3.64844
318	333	-0.639162
318	373	-0.2523
318	374	-0.784316
319	315	-0.517232
319	319	1.98122
319	372	-0.0106307
319	375	-0.482224
319	376	-0.971129
320	266	-1.07936
320	267	-0.769607
320	320	3.90792
320	322	-1.17446
320	323	-0.469815
320	378	-0.414672
321	265	-0.807256
321	271	-0.0164208
321	272	-1.08066
321	321	4.00204
321	328	-0.907856
321	329	-0.103339
321	379	-1.08652
322	266	-0.143576
322	276	-0.946401
322	320	-1.17446
322	322	4.11869
322	332	-0.00647864
322	377	-1.32971
322	378	-0.491217
322	380	-0.0268441
323	267	-0.568103
323	308	-1.04057
323	320	-0.469815
323	323	3.73308
323	364	-0.229464
323	378	-0.869065
323	381	-0.556067
324	270	-0.959225
324	271	-0.90693
324	324	3.79344
324	327	-0.728092
324	328	-0.0705714
324	382	-0.207403
324	383	-0.921214
325	268	-0.910236
325	269	-1.09942
325	272	-0.960111
325	325	3.8634
325	326	-0.182042
325	329	-0.296408
325	384	-0.415185
326	269	-0.431012
326	325	-0.182042
326	326	1.89214
326	384	-0.976182
326	385	-0.302908
327	270	-0.0621048
327	273	-1.0156
327	324	-0.728092
327	327	3.86758
327	330	-0.602916
327	382	-1.12981
327	386	-0.329061
328	271	-1.01244
328	321	-0.907856
328	324	-0.0705714
328	328	3.93193
328	379	-0.0164209
328	383	-0.858054
328	389	-1.06659
329	272	-0.262006
329	321	-0.103339
329	325	-0.296408
329	329	3.93808
329	379	-1.15919
329	384	-1.06696
329	388	-0.95553
329	390	-0.0946426
330	273	-0.00538374
330	275	-1.02098
330	327	-0.602916
330	330	3.81325
330	331	-0.15434
330	386	-0.812539
330	387	-0.769135
330	392	-0.447956
331	274	-0.912922
331	275	-0.931483
331	276	-0.108058
331	330	-0.15434
331	331	3.80212
331	332	-0.997679
331	392	-0.676008
331	393	-0.0216296
332	276	-0.888799
332	322	-0.00647864
332	331	-0.997679
332	332	3.96988
332	377	-0.939768
332	391	-0.0531843
332	393	-1.08397
333	277	-0.819922
333	282	-0.272748
333	318	-0.639162
333	333	3.58746
333	337	-0.727907
333	374	-0.32644
333	394	-0.801283
334	278	-0.0640258
334	279	-0.300771
334	280	-0.8913
334	281	-0.98369
334	334	3.74818
334	335	-0.723337
334	336	-0.462144
334	395	-0.322909
335	280	-0.329061
335	284	-0.86171
335	334	-0.723337
335	335	3.59128
335	339	-0.724448
335	395	-0.640589
335	396	-0.312139
336	281	-0.888796
336	282	-0.771569
336	334	-0.462144
336	336	3.63146
336	337	-0.471639
336	395	-0.714738
336	397	-0.322578
337	282	-0.842641
337	333	-0.727907
337	336	-0.471639
337	337	3.60062
337	394	-0.524329
337	397	-0.716573
337	398	-0.317536
338	283	-0.426782
338	284	-0.651263
338	285	-0.313769
338	338	3.63669
338	339	-1.03182
338	340	-0.792236
338	399	-0.420818
339	284	-0.329061
339	335	-0.724448
339	338	-1.03182
339	339	3.67619
339	396	-0.562789
339	399	-0.724808
339	400	-0.303259
340	285	-0.585441
340	338	-0.792236
340	340	3.74882
340	341	-1.05088
340	399	-0.799608
340	401	-0.520659
341	285	-0.551626
341	287	-0.275189
341	340	-1.05088
341	341	3.70491
341	344	-0.0479486
341	346	-0.831945
341	401	-0.45388
341	402	-0.49344
342	286	-0.262464
342	288	-1.23461
342	342	4.09186
342	343	-1.04347
342	345	-1.17507
342	403	-0.376237
343	286	-0.641041
343	290	-0.0302198
343	342	-1.04347
343	343	4.33418
343	347	-1.56772
343	403	-1.05172
344	287	-0.857206
344	289	-0.143457
344	341	-0.0479486
344	344	4.1552
344	345	-1.26998
344	346	-1.39093
344	404	-0.445676
345	288	-0.00853214
345	289	-0.719094
345	342	-1.17507
345	344	-1.26998
345	345	3.98762
345	403	-0.537545
345	404	-0.27739
346	341	-0.831945
346	344	-1.39093
346	346	4.09218
346	402	-1.11404
346	404	-0.490168
346	405	-0.265099
347	290	-0.887151
347	343	-1.56772
347	347	4.22053
347	348	-0.0690264
347	403	-0.0333416
347	406	-1.0349
347	407	-0.628389
348	290	-1.02002
348	291	-0.714988
348	347	-0.0690264
348	348	3.77681
348	349	-0.237479
348	407	-0.858287
348	408	-0.877015
349	291	-0.878185
349	293	-0.661767
349	348	-0.237479
349	349	3.56629
349	351	-0.561005
349	408	-0.6681
349	409	-0.559753
350	292	-0.563293
350	293	-0.69177
350	294	-0.78167
350	350	3.52017
350	351	-0.615878
350	352	-0.525978
350	410	-0.341584
351	293	-0.44219
351	349	-0.561005
351	350	-0.615878
351	351	3.50016
351	409	-0.733567
351	410	-0.678693
351	411	-0.468823
352	294	-0.483848
352	299	-0.539988
352	350	-0.525978
352	352	3.63211
352	357	-0.552832
352	410	-0.566842
352	412	-0.962625
353	295	-0.764224
353	296	-0.743861
353	297	-0.215181
353	353	3.65866
353	354	-0.747201
353	355	-0.363138
353	413	-0.825056
354	296	-0.237596
354	314	-0.849018
354	353	-0.747201
354	354	3.73414
354	371	-0.648429
354	413	-0.252653
354	414	-0.999246
355	297	-0.658937
355	304	-1.00297
355	353	-0.363138
355	355	3.6343
355	362	-0.386766
355	413	-0.563308
355	415	-0.65919
356	298	-0.098657
356	300	-0.734297
356	301	-0.784145
356	356	3.86573
356	357	-1.10858
356	358	-0.910553
356	416	-0.229496
357	299	-0.237918
357	300	-0.32983
357	352	-0.552832
357	356	-1.10858
357	357	3.7805
357	412	-0.885581
357	416	-0.665755
358	301	-0.928153
358	302	-0.160389
358	356	-0.910553
358	358	3.87531
358	359	-0.920725
358	416	-0.232004
358	417	-0.723482
359	302	-0.375176
359	358	-0.920725
359	359	3.7963
359	360	-0.941624
359	417	-0.856437
359	418	-0.702339
360	302	-0.598381
360	303	-0.865733
360	359	-0.941624
360	360	3.61608
360	361	-0.479277
360	418	-0.403386
360	419	-0.327675
361	303	-0.583996
361	305	-0.550496
361	360	-0.479277
361	361	3.50685
361	362	-0.561005
361	419	-0.632224
361	420	-0.699848
362	304	-0.657036
362	305	-0.654375
362	355	-0.386766
362	361	-0.561005
362	362	3.50546
362	415	-0.630397
362	420	-0.615878
363	306	-0.233155
363	307	-0.999929
363	309	-0.60326
363	363	3.89498
363	364	-0.0424281
363	365	-0.854013
363	423	-1.1622
364	307	-1.11512
364	308	-0.126654
364	323	-0.229464
364	363	-0.0424281
364	364	3.68228
364	381	-0.593277
364	422	-0.727259
364	423	-0.298672
364	424	-0.549402
365	309	-0.226496
365	310	-1.26234
365	363	-0.854013
365	365	3.83924
365	366	-0.564225
365	367	-0.00898472
365	423	-0.146828
365	425	-0.776355
366	365	-0.564225
366	366	3.77157
366	367	-1.02297
366	425	-0.491879
366	426	-0.9624
366	427	-0.730102
367	310	-1.06796
367	311	-0.130776
367	365	-0.00898472
367	366	-1.02297
367	367	3.87269
367	368	-0.938486
367	427	-0.275513
367	428	-0.42801
368	311	-0.71161
368	313	-0.9384
368	367	-0.938486
368	368	3.81
368	369	-0.305046
368	428	-0.916458
369	312	-0.851812
369	313	-0.679199
369	314	-0.61126
369	368	-0.305046
369	369	3.73693
369	370	-1.01914
369	428	-0.27048
370	314	-0.301168
370	369	-1.01914
370	370	3.77125
370	371	-0.349318
370	428	-0.26061
370	429	-0.974736
370	430	-0.866279
371	314	-0.827143
371	354	-0.648429
371	370	-0.349318
371	371	3.69943
371	414	-0.123012
371	430	-0.78968
371	431	-0.961844
372	315	-0.914354
372	319	-0.0106307
372	372	4.08563
372	373	-0.881353
372	376	-0.949575
372	432	-1.32972
373	315	-0.0089923
373	316	-1.02467
373	317	-0.35936
373	318	-0.2523
373	372	-0.881353
373	373	3.89932
373	374	-0.944142
373	432	-0.428495
374	318	-0.784316
374	333	-0.32644
374	373	-0.944142
374	374	3.8841
374	394	-0.68867
374	432	-0.0205947
374	433	-1.11994
375	319	-0.482224
375	375	1.98352
375	376	-0.0122708
375	434	-0.442308
375	436	-1.04672
376	319	-0.971129
376	372	-0.949575
376	375	-0.0122708
376	376	3.91875
376	432	-0.235745
376	436	-0.747216
376	437	-1.00281
377	322	-1.32971
377	332	-0.939768
377	377	4.19575
377	380	-1.29802
377	391	-0.628252
378	320	-0.414672
378	322	-0.491217
378	323	-0.869065
378	378	3.65628
378	380	-1.04488
378	381	-0.500491
378	440	-0.33596
379	321	-1.08652
379	328	-0.0164209
379	329	-1.15919
379	379	4.05292
379	389	-0.354354
379	390	-0.41746
379	441	-1.01898
380	322	-0.0268441
380	377	-1.29802
380	378	-1.04488
380	380	4.11474
380	391	-0.0831751
380	440	-0.716066
380	442	-0.945751
381	323	-0.556067
381	364	-0.593277
381	378	-0.500491
381	381	3.74102
381	422	-0.837056
381	440	-1.04124
381	443	-0.212887
382	324	-0.207403
382	327	-1.12981
382	382	3.92895
382	383	-0.739975
382	386	-0.941254
382	444	-0.910505
383	324	-0.921214
383	328	-0.858054
383	382	-0.739975
383	383	3.85924
383	389	-0.0705715
383	444	-0.152249
383	445	-1.11717
384	325	-0.415185
384	326	-0.976182
384	329	-1.06696
384	384	3.73284
384	385	-0.37612
384	388	-0.292503
384	446	-0.60589
385	326	-0.302908
385	384	-0.37612
385	385	1.76038
385	446	-0.778487
385	447	-0.302862
386	327	-0.329061
386	330	-0.812539
386	382	-0.941254
386	386	3.70677
386	387	-0.683836
386	444	-0.170927
386	448	-0.769154
387	330	-0.769135
387	386	-0.683836
387	387	3.78558
387	392	-1.07066
387	448	-0.368731
387	449	-0.893217
388	329	-0.95553
388	384	-0.292503
388	388	3.81426
388	390	-1.05766
388	446	-0.772544
388	450	-0.736022
389	328	-1.06659
389	379	-0.354354
389	383	-0.0705715
389	389	3.94526
389	441	-1.0055
389	445	-0.813834
389	452	-0.634412
390	329	-0.0946426
390	379	-0.41746
390	388	-1.05766
390	390	3.79807
390	441	-0.87666
390	450	-0.000816014
390	451	-0.80558
390	453	-0.545251
391	332	-0.0531843
391	377	-0.628252
391	380	-0.0831751
391	391	3.81348
391	393	-1.11771
391	442	-0.52821
391	454	-1.08764
391	455	-0.315303
392	330	-0.447956
392	331	-0.676008
392	387	-1.07066
392	392	3.85444
392	393	-0.878444
392	449	-0.541063
392	455	-0.240304
393	331	-0.0216296
393	332	-1.08397
393	391	-1.11771
393	392	-0.878444
393	393	4.01833
393	455	-0.916575
394	333	-0.801283
394	337	-0.524329
394	374	-0.68867
394	394	3.57452
394	398	-0.709551
394	433	-0.5333
394	456	-0.317391
395	334	-0.322909
395	335	-0.640589
395	336	-0.714738
395	395	3.5867
395	396	-0.722978
395	397	-0.862903
395	457	-0.322578
396	335	-0.312139
396	339	-0.562789
396	395	-0.722978
396	396	3.80872
396	400	-0.941361
396	457	-1.17387
396	458	-0.0955766
397	336	-0.322578
397	337	-0.716573
397	395	-0.862903
397	397	3.58974
397	398	-0.661446
397	457	-0.717645
397	459	-0.308591
398	337	-0.317536
398	394	-0.709551
398	397	-0.661446
398	398	3.58622
398	456	-0.863987
398	459	-0.71631
398	460	-0.317392
399	338	-0.420818
399	339	-0.724808
399	340	-0.799608
399	399	3.6232
399	400	-0.423381
399	401	-0.0452113
399	421	-0.812636
399	461	-0.396733
400	339	-0.303259
400	396	-0.941361
400	399	-0.423381
400	400	3.6073
400	458	-0.793872
400	461	-0.537016
400	462	-0.608405
401	340	-0.520659
401	341	-0.45388
401	399	-0.0452113
401	401	3.83102
401	402	-0.741808
401	421	-1.20769
401	463	-0.861768
402	341	-0.49344
402	346	-1.11404
402	401	-0.741808
402	402	3.73027
402	405	-0.711351
402	463	-0.247791
402	464	-0.421838
403	342	-0.376237
403	343	-1.05172
403	345	-0.537545
403	347	-0.0333416
403	403	3.69596
403	404	-0.88703
403	406	-0.542844
403	465	-0.267244
404	344	-0.445676
404	345	-0.27739
404	346	-0.490168
404	403	-0.88703
404	404	3.62282
404	405	-0.897502
404	465	-0.625056
405	346	-0.265099
405	402	-0.711351
405	404	-0.897502
405	405	3.7365
405	464	-0.927638
405	465	-0.109901
405	466	-0.825004
406	347	-1.0349
406	403	-0.542844
406	406	3.74793
406	407	-0.538391
406	465	-0.905944
406	467	-0.725853
407	347	-0.628389
407	348	-0.858287
407	406	-0.538391
407	407	3.65693
407	408	-0.146012
407	467	-0.805119
407	468	-0.680734
408	348	-0.877015
408	349	-0.6681
408	407	-0.146012
408	408	3.61394
408	409	-0.626387
408	468	-0.739718
408	469	-0.556705
409	349	-0.559753
409	351	-0.733567
409	408	-0.626387
409	409	3.50342
409	411	-0.550306
409	469	-0.657485
409	470	-0.375917
410	350	-0.341584
410	351	-0.678693
410	352	-0.566842
410	410	3.56713
410	411	-0.674722
410	412	-0.786574
410	471	-0.518718
411	351	-0.468823
411	409	-0.550306
411	410	-0.674722
411	411	3.49008
411	470	-0.721679
411	471	-0.597262
411	472	-0.47729
412	352	-0.962625
412	357	-0.885581
412	410	-0.786574
412	412	3.74259
412	416	-0.144192
412	471	-0.243199
412	473	-0.720419
413	353	-0.825056
413	354	-0.252653
413	355	-0.563308
413	413	3.63679
413	414	-0.961122
413	415	-0.377619
413	474	-0.657035
414	354	-0.999246
414	371	-0.123012
414	413	-0.961122
414	414	3.71092
414	431	-0.687703
414	474	-0.367788
414	475	-0.572044
415	355	-0.65919
415	362	-0.630397
415	413	-0.377619
415	415	3.51013
415	420	-0.502161
415	474	-0.666043
415	476	-0.674722
416	356	-0.229496
416	357	-0.665755
416	358	-0.232004
416	412	-0.144192
416	416	3.65442
416	417	-0.672936
416	473	-1.10625
416	477	-0.603786
417	358	-0.723482
417	359	-0.856437
417	416	-0.672936
417	417	3.65016
417	418	-0.129481
417	477	-0.674723
417	478	-0.5931
418	359	-0.702339
418	360	-0.403386
418	417	-0.129481
418	418	3.69178
418	419	-0.773497
418	478	-1.0474
418	479	-0.635677
419	360	-0.327675
419	361	-0.632224
419	418	-0.773497
419	419	3.58128
419	420	-0.574081
419	479	-0.432808
419	480	-0.840997
420	361	-0.699848
420	362	-0.615878
420	415	-0.502161
420	419	-0.574081
420	420	3.48418
420	476	-0.548255
420	480	-0.543958
421	399	-0.812636
421	401	-1.20769
421	421	3.91247
421	461	-0.887824
421	463	-0.270198
421	481	-0.734121
422	364	-0.727259
422	381	-0.837056
422	422	3.68694
422	424	-0.806591
422	443	-0.190464
422	482	-0.885281
422	483	-0.24029
423	363	-1.1622
423	364	-0.298672
423	365	-0.146828
423	423	3.82394
423	424	-0.513561
423	425	-0.823911
423	485	-0.878771
424	364	-0.549402
424	422	-0.806591
424	423	-0.513561
424	424	3.64164
424	483	-0.697276
424	484	-0.231649
424	485	-0.843159
425	365	-0.776355
425	366	-0.491879
425	423	-0.823911
425	425	3.59056
425	426	-0.527895
425	485	-0.204482
425	486	-0.766038
426	366	-0.9624
426	425	-0.527895
426	426	3.65916
426	427	-0.324536
426	486	-0.322073
426	487	-0.991807
426	488	-0.530453
427	366	-0.730102
427	367	-0.275513
427	426	-0.324536
427	427	3.82034
427	428	-0.254957
427	488	-1.15674
427	489	-0.100772
427	490	-0.977714
428	367	-0.42801
428	368	-0.916458
428	369	-0.27048
428	370	-0.26061
428	427	-0.254957
428	428	3.62118
428	429	-0.762491
428	490	-0.728174
429	370	-0.974736
429	428	-0.762491
429	429	3.7357
429	430	-0.102797
429	490	-0.463164
429	491	-0.921553
429	492	-0.510957
430	370	-0.866279
430	371	-0.78968
430	429	-0.102797
430	430	3.78839
430	431	-0.158759
430	492	-0.980136
430	493	-0.890735
431	371	-0.961844
431	414	-0.687703
431	430	-0.158759
431	431	3.61763
431	475	-0.480055
431	493	-0.681195
431	494	-0.648076
432	372	-1.32972
432	373	-0.428495
432	374	-0.0205947
432	376	-0.235745
432	432	4.10213
432	433	-0.299953
432	437	-0.108098
432	495	-1.31808
432	496	-0.361447
433	374	-1.11994
433	394	-0.5333
433	432	-0.299953
433	433	3.73832
433	456	-0.658844
433	495	-0.743844
433	497	-0.38244
434	375	-0.442308
434	434	2.0023
434	435	-0.397476
434	436	-0.013913
434	498	-1.1486
435	434	-0.397476
435	435	2.05011
435	438	-0.347717
435	498	-0.0155573
435	499	-1.28936
436	375	-1.04672
436	376	-0.747216
436	434	-0.013913
436	436	3.72922
436	437	-0.520294
436	498	-0.730409
436	500	-0.670672
437	376	-1.00281
437	432	-0.108098
437	436	-0.520294
437	437	3.74289
437	496	-0.915041
437	500	-0.525205
437	502	-0.671443
438	435	-0.347717
438	438	1.88971
438	439	-0.342285
438	499	-0.0840562
438	501	-1.04319
438	503	-0.0724623
439	438	-0.342285
439	439	1.82479
439	503	-0.928415
439	504	-0.281708
439	505	-0.272379
440	378	-0.33596
440	380	-0.716066
440	381	-1.04124
440	440	3.81967
440	442	-0.733464
440	443	-0.992938
441	379	-1.01898
441	389	-1.0055
441	390	-0.87666
441	441	3.8738
441	451	-0.175158
441	452	-0.797502
442	380	-0.945751
442	391	-0.52821
442	440	-0.733464
442	442	3.87924
442	443	-0.130265
442	454	-0.246133
442	507	-0.104567
442	508	-1.19085
443	381	-0.212887
443	422	-0.190464
443	440	-0.992938
443	442	-0.130265
443	443	3.70957
443	482	-0.650505
443	508	-0.744258
443	510	-0.788256
444	382	-0.910505
444	383	-0.152249
444	386	-0.170927
444	444	3.72442
444	445	-0.362829
444	448	-0.909684
444	512	-0.829889
444	513	-0.38834
445	383	-1.11717
445	389	-0.813834
445	444	-0.362829
445	445	3.80935
445	452	-0.0705714
445	513	-0.506896
445	514	-0.938047
446	384	-0.60589
446	385	-0.778487
446	388	-0.772544
446	446	3.57242
446	447	-0.57619
446	450	-0.579609
446	515	-0.259697
447	385	-0.302862
447	446	-0.57619
447	447	1.7581
447	515	-0.57619
447	516	-0.302862
448	386	-0.769154
448	387	-0.368731
448	444	-0.909684
448	448	3.66508
448	449	-0.67747
448	512	-0.277558
448	517	-0.662482
449	387	-0.893217
449	392	-0.541063
449	448	-0.67747
449	449	3.94469
449	455	-0.0170605
449	509	-1.26906
449	517	-0.54682
450	388	-0.736022
450	390	-0.000816014
450	446	-0.579609
450	450	3.78328
450	453	-1.15039
450	515	-0.579609
450	518	-0.0008164
450	519	-0.736022
451	390	-0.80558
451	441	-0.175158
451	451	3.90562
451	452	-0.884494
451	453	-1.01358
451	520	-1.02681
452	389	-0.634412
452	441	-0.797502
452	445	-0.0705714
452	451	-0.884494
452	452	3.8221
452	511	-0.972659
452	514	-0.287304
452	520	-0.175158
453	390	-0.545251
453	450	-1.15039
453	451	-1.01358
453	453	3.92887
453	518	-0.862514
453	520	-0.156958
453	521	-0.200181
454	391	-1.08764
454	442	-0.246133
454	454	3.77801
454	455	-0.405046
454	507	-0.926
454	523	-0.597903
454	524	-0.515289
455	391	-0.315303
455	392	-0.240304
455	393	-0.916575
455	449	-0.0170605
455	454	-0.405046
455	455	3.76778
455	509	-0.993389
455	522	-0.721392
455	524	-0.158715
456	394	-0.317391
456	398	-0.863987
456	433	-0.658844
456	456	3.54656
456	460	-0.609839
456	497	-0.673109
456	525	-0.423393
457	395	-0.322578
457	396	-1.17387
457	397	-0.717645
457	457	3.68181
457	458	-0.495198
457	459	-0.456737
457	526	-0.515784
458	396	-0.0955766
458	400	-0.793872
458	457	-0.495198
458	458	3.68608
458	462	-0.53345
458	526	-0.844705
458	527	-0.923274
459	397	-0.308591
459	398	-0.71631
459	457	-0.456737
459	459	3.62867
459	460	-0.995251
459	526	-0.764424
459	528	-0.387361
460	398	-0.317392
460	456	-0.609839
460	459	-0.995251
460	460	3.65886
460	525	-0.758859
460	528	-0.712699
460	529	-0.264825
461	399	-0.396733
461	400	-0.537016
461	421	-0.887824
461	461	3.68077
461	462	-0.715195
461	481	-0.850336
461	530	-0.293666
462	400	-0.608405
462	458	-0.53345
462	461	-0.715195
462	462	3.6425
462	527	-0.188412
462	530	-0.543014
462	531	-1.05402
463	401	-0.861768
463	402	-0.247791
463	421	-0.270198
463	463	3.66702
463	464	-0.288012
463	481	-0.36278
463	534	-0.90145
463	535	-0.735019
464	402	-0.421838
464	405	-0.927638
464	463	-0.288012
464	464	3.8662
464	466	-0.140675
464	535	-1.01624
464	536	-1.07179
465	403	-0.267244
465	404	-0.625056
465	405	-0.109901
465	406	-0.905944
465	465	3.62775
465	466	-0.756964
465	467	-0.222972
465	537	-0.73967
466	405	-0.825004
466	464	-0.140675
466	465	-0.756964
466	466	3.64909
466	536	-0.589204
466	537	-0.536802
466	538	-0.800442
467	406	-0.725853
467	407	-0.805119
467	465	-0.222972
467	467	3.65243
467	468	-0.314472
467	537	-0.667129
467	539	-0.916889
468	407	-0.680734
468	408	-0.739718
468	467	-0.314472
468	468	3.53391
468	469	-0.626387
468	539	-0.615897
468	540	-0.556705
469	408	-0.556705
469	409	-0.657485
469	468	-0.626387
469	469	3.47973
469	470	-0.519398
469	540	-0.550496
469	541	-0.569258
470	409	-0.375917
470	411	-0.721679
470	469	-0.519398
470	470	3.54605
470	472	-0.455204
470	541	-0.657485
470	542	-0.816365
471	410	-0.518718
471	411	-0.597262
471	412	-0.243199
471	471	3.58729
471	472	-0.537122
471	473	-0.891186
471	543	-0.7998
472	411	-0.47729
472	470	-0.455204
472	471	-0.537122
472	472	3.55909
472	542	-0.603991
472	543	-0.522072
472	544	-0.963414
473	412	-0.720419
473	416	-1.10625
473	471	-0.891186
473	473	3.78956
473	477	-0.33811
473	543	-0.553171
473	545	-0.180429
474	413	-0.657035
474	414	-0.367788
474	415	-0.666043
474	474	3.5076
474	475	-0.639849
474	476	-0.567543
474	546	-0.60934
475	414	-0.572044
475	431	-0.480055
475	474	-0.639849
475	475	3.47577
475	494	-0.60694
475	546	-0.603755
475	547	-0.573128
476	415	-0.674722
476	420	-0.548255
476	474	-0.567543
476	476	3.48707
476	480	-0.525936
476	546	-0.454286
476	548	-0.716329
477	416	-0.603786
477	417	-0.674723
477	473	-0.33811
477	477	3.58346
477	478	-0.561599
477	545	-0.898211
477	549	-0.507032
478	417	-0.5931
478	418	-1.0474
478	477	-0.561599
478	478	3.69755
478	479	-0.39101
478	549	-0.876813
478	550	-0.227621
479	418	-0.635677
479	419	-0.432808
479	478	-0.39101
479	479	3.65328
479	480	-0.583592
479	550	-0.625389
479	551	-0.984801
480	419	-0.840997
480	420	-0.543958
480	476	-0.525936
480	479	-0.583592
480	480	3.51915
480	548	-0.538368
480	551	-0.486302
481	421	-0.734121
481	461	-0.850336
481	463	-0.36278
481	481	3.79001
481	530	-0.68881
481	534	-1.03139
481	552	-0.122578
482	422	-0.885281
482	443	-0.650505
482	482	3.65609
482	483	-0.855079
482	510	-0.36113
482	553	-0.729105
482	554	-0.174987
483	422	-0.24029
483	424	-0.697276
483	482	-0.855079
483	483	3.71947
483	484	-0.921372
483	554	-0.880983
483	555	-0.124474
484	424	-0.231649
484	483	-0.921372
484	484	3.78645
484	485	-0.633748
484	555	-0.936328
484	556	-0.0735075
484	557	-0.989847
485	423	-0.878771
485	424	-0.843159
485	425	-0.204482
485	484	-0.633748
485	485	3.70169
485	486	-0.917243
485	557	-0.224287
486	425	-0.766038
486	426	-0.322073
486	485	-0.917243
486	486	3.68308
486	487	-0.880527
486	557	-0.579261
486	559	-0.217939
487	426	-0.991807
487	486	-0.880527
487	487	3.96357
487	488	-0.267334
487	558	-1.26706
487	559	-0.0828162
487	560	-0.474018
488	426	-0.530453
488	427	-1.15674
488	487	-0.267334
488	488	3.92041
488	489	-0.807791
488	560	-1.15809
489	427	-0.100772
489	488	-0.807791
489	489	3.82797
489	490	-0.837288
489	560	-0.133692
489	561	-0.92216
489	562	-1.02626
490	427	-0.977714
490	428	-0.728174
490	429	-0.463164
490	489	-0.837288
490	490	3.67804
490	491	-0.52829
490	562	-0.143413
491	429	-0.921553
491	490	-0.52829
491	491	3.71843
491	492	-0.850507
491	562	-0.798875
491	563	-0.619205
492	429	-0.510957
492	430	-0.980136
492	491	-0.850507
492	492	3.73492
492	493	-0.0865759
492	563	-0.510528
492	564	-0.796214
493	430	-0.890735
493	431	-0.681195
493	492	-0.0865759
493	493	3.65508
493	494	-0.466592
493	564	-0.703667
493	565	-0.826317
494	431	-0.648076
494	475	-0.60694
494	493	-0.466592
494	494	3.47521
494	547	-0.55849
494	565	-0.576721
494	566	-0.618393
495	432	-1.31808
495	433	-0.743844
495	495	3.8448
495	496	-0.717875
495	497	-0.71022
495	567	-0.354784
496	432	-0.361447
496	437	-0.915041
496	495	-0.717875
496	496	3.64939
496	502	-0.595825
496	567	-0.70828
496	568	-0.350926
497	433	-0.38244
497	456	-0.673109
497	495	-0.71022
497	497	3.55551
497	525	-0.759256
497	567	-0.743172
497	569	-0.28731
498	434	-1.1486
498	435	-0.0155573
498	436	-0.730409
498	498	3.84932
498	499	-0.799586
498	500	-0.780591
498	570	-0.37458
499	435	-1.28936
499	438	-0.0840562
499	498	-0.799586
499	499	3.9974
499	501	-0.806331
499	570	-1.01806
500	436	-0.670672
500	437	-0.525205
500	498	-0.780591
500	500	3.67314
500	502	-0.564774
500	570	-0.186684
500	571	-0.945212
501	438	-1.04319
501	499	-0.806331
501	501	3.96533
501	503	-1.00521
501	570	-0.0612957
501	572	-1.0493
502	437	-0.671443
502	496	-0.595825
502	500	-0.564774
502	502	3.51649
502	568	-0.714003
502	571	-0.643319
502	573	-0.32713
503	438	-0.0724623
503	439	-0.928415
503	501	-1.00521
503	503	3.81521
503	505	-0.797479
503	572	-0.319879
503	574	-0.691764
504	439	-0.281708
504	504	1.7732
504	505	-0.844228
504	506	-0.270866
504	575	-0.376394
505	439	-0.272379
505	503	-0.797479
505	504	-0.844228
505	505	3.58487
505	574	-0.727244
505	575	-0.542733
505	576	-0.400811
506	504	-0.270866
506	506	1.80394
506	575	-0.688418
506	577	-0.780546
506	578	-0.0641129
507	442	-0.104567
507	454	-0.926
507	507	4.15917
507	508	-1.33492
507	523	-0.697738
507	581	-1.09595
508	442	-1.19085
508	443	-0.744258
508	507	-1.33492
508	508	4.22204
508	510	-0.921823
508	581	-0.0301857
509	449	-1.26906
509	455	-0.993389
509	509	4.06054
509	517	-0.140713
509	522	-0.689638
509	582	-0.967743
510	443	-0.788256
510	482	-0.36113
510	508	-0.921823
510	510	3.79886
510	553	-0.969305
510	581	-0.119177
510	583	-0.639166
511	452	-0.972659
511	511	4.08834
511	514	-1.07151
511	520	-1.1138
511	585	-0.93037
512	444	-0.829889
512	448	-0.277558
512	512	3.93578
512	513	-1.35219
512	517	-0.369343
512	584	-0.179456
512	586	-0.927335
513	444	-0.38834
513	445	-0.506896
513	512	-1.35219
513	513	3.87752
513	514	-0.830873
513	586	-0.224279
513	587	-0.574936
514	445	-0.938047
514	452	-0.287304
514	511	-1.07151
514	513	-0.830873
514	514	3.88431
514	585	-0.585325
514	587	-0.171252
515	446	-0.259697
515	447	-0.57619
515	450	-0.579609
515	515	3.57242
515	516	-0.778487
515	519	-0.772544
515	588	-0.60589
516	447	-0.302862
516	515	-0.778487
516	516	1.76038
516	588	-0.37612
516	589	-0.302907
517	448	-0.662482
517	449	-0.54682
517	509	-0.140713
517	512	-0.369343
517	517	3.6282
517	582	-0.864942
517	584	-0.863927
517	591	-0.179968
518	450	-0.0008164
518	453	-0.862514
518	518	4.04012
518	519	-1.15176
518	521	-1.15432
518	592	-0.870709
519	450	-0.736022
519	515	-0.772544
519	518	-1.15176
519	519	3.74479
519	588	-0.585034
519	592	-0.195925
519	593	-0.303508
520	451	-1.02681
520	452	-0.175158
520	453	-0.156958
520	511	-1.1138
520	520	3.93769
520	521	-0.857341
520	585	-0.316526
520	595	-0.291093
521	453	-0.200181
521	518	-1.15432
521	520	-0.857341
521	521	3.90692
521	592	-0.00739497
521	594	-0.731347
521	595	-0.956341
522	455	-0.721392
522	509	-0.689638
522	522	3.76448
522	524	-1
522	582	-0.585311
522	590	-0.752037
522	597	-0.0161014
523	454	-0.597903
523	507	-0.697738
523	523	3.65951
523	524	-0.844136
523	581	-0.644866
523	596	-0.0858221
523	598	-0.789044
524	454	-0.515289
524	455	-0.158715
524	522	-1
524	523	-0.844136
524	524	3.92577
524	597	-1.22711
524	598	-0.180518
525	456	-0.423393
525	460	-0.758859
525	497	-0.759256
525	525	3.58169
525	529	-0.7327
525	569	-0.694709
525	599	-0.212773
526	457	-0.515784
526	458	-0.844705
526	459	-0.764424
526	526	3.64359
526	527	-0.566975
526	528	-0.77533
526	600	-0.176371
527	458	-0.923274
527	462	-0.188412
527	526	-0.566975
527	527	3.78815
527	531	-0.904467
527	532	-0.266415
527	600	-0.938609
528	459	-0.387361
528	460	-0.712699
528	526	-0.77533
528	528	3.56348
528	529	-0.392706
528	600	-0.703119
528	602	-0.592262
529	460	-0.264825
529	525	-0.7327
529	528	-0.392706
529	529	3.60868
529	599	-0.861222
529	602	-0.739688
529	603	-0.617543
530	461	-0.293666
530	462	-0.543014
530	481	-0.68881
530	530	3.59469
530	531	-0.559312
530	533	-0.917391
530	552	-0.172455
530	604	-0.420042
531	462	-1.05402
531	527	-0.904467
531	530	-0.559312
531	531	3.9497
531	532	-1.20953
531	604	-0.222376
532	527	-0.266415
532	531	-1.20953
532	532	3.98189
532	600	-0.0196895
532	601	-1.22036
532	604	-0.610508
532	605	-0.655394
533	530	-0.917391
533	533	4.17437
533	552	-1.4295
533	604	-0.937073
533	606	-0.890409
534	463	-0.90145
534	481	-1.03139
534	534	3.86161
534	535	-0.325558
534	552	-1.07203
534	607	-0.531187
535	463	-0.735019
535	464	-1.01624
535	534	-0.325558
535	535	3.82524
535	536	-0.00203534
535	607	-1.05392
535	608	-0.692464
536	464	-1.07179
536	466	-0.589204
536	535	-0.00203534
536	536	4.02581
536	538	-0.131855
536	608	-1.2557
536	609	-0.975216
537	465	-0.73967
537	466	-0.536802
537	467	-0.667129
537	537	3.59173
537	538	-0.807809
537	539	-0.164378
537	610	-0.675947
538	466	-0.800442
538	536	-0.131855
538	537	-0.807809
538	538	3.69711
538	609	-0.844778
538	610	-0.313526
538	611	-0.7987
539	467	-0.916889
539	468	-0.615897
539	537	-0.164378
539	539	3.62113
539	540	-0.671652
539	610	-0.777409
539	612	-0.474908
540	468	-0.556705
540	469	-0.550496
540	539	-0.671652
540	540	3.49506
540	541	-0.716917
540	612	-0.595761
540	613	-0.40353
541	469	-0.569258
541	470	-0.657485
541	540	-0.716917
541	541	3.53569
541	542	-0.655192
541	613	-0.595761
541	614	-0.341075
542	470	-0.816365
542	472	-0.603991
542	541	-0.655192
542	542	3.62762
542	544	-0.602751
542	614	-0.68414
542	615	-0.265182
543	471	-0.7998
543	472	-0.522072
543	473	-0.553171
543	543	3.63483
543	544	-0.478278
543	545	-0.44718
543	616	-0.834331
544	472	-0.963414
544	542	-0.602751
544	543	-0.478278
544	544	3.82972
544	615	-1.1072
544	616	-0.678073
545	473	-0.180429
545	477	-0.898211
545	543	-0.44718
545	545	3.74081
545	549	-0.57495
545	616	-1.02598
545	618	-0.61406
546	474	-0.60934
546	475	-0.603755
546	476	-0.454286
546	546	3.48965
546	547	-0.609175
546	548	-0.479483
546	619	-0.733612
547	475	-0.573128
547	494	-0.55849
547	546	-0.609175
547	547	3.47609
547	566	-0.603682
547	619	-0.459731
547	620	-0.671888
548	476	-0.716329
548	480	-0.538368
548	546	-0.479483
548	548	3.48226
548	551	-0.546557
548	619	-0.552268
548	621	-0.649255
549	477	-0.507032
549	478	-0.876813
549	545	-0.57495
549	549	3.56553
549	550	-0.347392
549	618	-0.649256
549	622	-0.610084
550	478	-0.227621
550	479	-0.625389
550	549	-0.347392
550	550	3.72949
550	551	-0.696342
550	622	-0.974338
550	623	-0.858413
551	479	-0.984801
551	480	-0.486302
551	548	-0.546557
551	550	-0.696342
551	551	3.58656
551	621	-0.536038
551	623	-0.336517
552	481	-0.122578
552	530	-0.172455
552	533	-1.4295
552	534	-1.07203
552	552	4.09543
552	606	-0.0746811
552	607	-0.38483
552	624	-0.839357
553	482	-0.729105
553	510	-0.969305
553	553	3.67618
553	554	-0.718791
553	583	-0.185437
553	626	-0.778389
553	627	-0.295153
554	482	-0.174987
554	483	-0.880983
554	553	-0.718791
554	554	3.67666
554	555	-0.774959
554	627	-0.873267
554	628	-0.253675
555	483	-0.124474
555	484	-0.936328
555	554	-0.774959
555	555	3.67873
555	556	-0.781153
555	628	-0.751861
555	630	-0.309952
556	484	-0.0735075
556	555	-0.781153
556	556	3.72328
556	557	-0.99217
556	629	-0.755414
556	630	-0.555156
556	631	-0.56588
557	484	-0.989847
557	485	-0.224287
557	486	-0.579261
557	556	-0.99217
557	557	3.86832
557	559	-1.06067
557	631	-0.0220815
558	487	-1.26706
558	558	4.34339
558	559	-0.898394
558	560	-0.848483
558	632	-1.32945
559	486	-0.217939
559	487	-0.0828162
559	557	-1.06067
559	558	-0.898394
559	559	3.93214
559	631	-1.01885
559	632	-0.653466
560	487	-0.474018
560	488	-1.15809
560	489	-0.133692
560	558	-0.848483
560	560	3.88719
560	561	-0.897767
560	632	-0.0928896
560	633	-0.282241
561	489	-0.92216
561	560	-0.897767
561	561	3.95611
561	562	-0.0842043
561	633	-1.03443
561	634	-1.01755
562	489	-1.02626
562	490	-0.143413
562	491	-0.798875
562	561	-0.0842043
562	562	3.6918
562	563	-0.433295
562	634	-0.48683
562	635	-0.71892
563	491	-0.619205
563	492	-0.510528
563	562	-0.433295
563	563	3.59649
563	564	-0.366194
563	635	-1.02119
563	636	-0.64607
564	492	-0.796214
564	493	-0.703667
564	563	-0.366194
564	564	3.57114
564	565	-0.285908
564	636	-0.711339
564	637	-0.707818
565	493	-0.826317
565	494	-0.576721
565	564	-0.285908
565	565	3.54176
565	566	-0.581123
565	637	-0.675926
565	638	-0.595761
566	494	-0.618393
566	547	-0.603682
566	565	-0.581123
566	566	3.47773
566	620	-0.519692
566	638	-0.475022
566	639	-0.679824
567	495	-0.354784
567	496	-0.70828
567	497	-0.743172
567	567	3.60553
567	568	-0.791832
567	569	-0.800673
568	496	-0.350926
568	502	-0.714003
568	567	-0.791832
568	568	3.5885
568	573	-0.779211
569	497	-0.28731
569	525	-0.694709
569	567	-0.800673
569	569	3.56085
569	599	-0.70967
570	498	-0.37458
570	499	-1.01806
570	500	-0.186684
570	501	-0.0612957
570	570	3.84265
570	571	-0.242795
570	572	-0.849542
571	500	-0.945212
571	502	-0.643319
571	570	-0.242795
571	571	3.70275
571	573	-0.70301
572	501	-1.0493
572	503	-0.319879
572	570	-0.849542
572	572	3.89301
572	574	-0.274182
573	502	-0.32713
573	568	-0.779211
573	571	-0.70301
573	573	3.53247
574	503	-0.691764
574	505	-0.727244
574	572	-0.274182
574	574	3.66623
574	576	-0.528679
575	504	-0.376394
575	505	-0.542733
575	506	-0.688418
575	575	3.56113
575	576	-0.849029
575	577	-0.686253
576	505	-0.400811
576	574	-0.528679
576	575	-0.849029
576	576	3.54809
577	506	-0.780546
577	575	-0.686253
577	577	3.82343
577	578	-1.05675
578	506	-0.0641129
578	577	-1.05675
578	578	2.00928
578	579	-0.540413
579	578	-0.540413
579	579	1.87241
579	580	-0.434022
580	579	-0.434022
580	580	1.76764
581	507	-1.09595
581	508	-0.0301857
581	510	-0.119177
581	523	-0.644866
581	581	4.0896
581	583	-1.00888
581	596	-1.19055
582	509	-0.967743
582	517	-0.864942
582	522	-0.585311
582	582	3.87064
582	590	-0.310869
582	591	-1.14178
583	510	-0.639166
583	553	-0.185437
583	581	-1.00888
583	583	3.79034
583	596	-0.162461
583	626	-0.971932
584	512	-0.179456
584	517	-0.863927
584	584	3.78664
584	586	-0.901501
584	591	-0.796506
585	511	-0.93037
585	514	-0.585325
585	520	-0.316526
585	585	3.87392
585	587	-0.778934
585	595	-0.0398239
586	512	-0.927335
586	513	-0.224279
586	584	-0.901501
586	586	3.7351
586	587	-0.906005
587	513	-0.574936
587	514	-0.171252
587	585	-0.778934
587	586	-0.906005
587	587	3.92657
588	515	-0.60589
588	516	-0.37612
588	519	-0.585034
588	588	3.53265
588	589	-0.78536
588	593	-0.576166
589	516	-0.302907
589	588	-0.78536
589	589	1.76205
590	522	-0.752037
590	582	-0.310869
590	590	3.83387
590	591	-0.712427
590	597	-1.0161
591	517	-0.179968
591	582	-1.14178
591	584	-0.796506
591	590	-0.712427
591	591	3.86716
592	518	-0.870709
592	519	-0.195925
592	521	-0.00739497
592	592	3.89866
592	593	-0.971433
592	594	-1.10105
593	519	-0.303508
593	588	-0.576166
593	592	-0.971433
593	593	3.6621
594	521	-0.731347
594	592	-1.10105
594	594	3.79079
594	595	-0.340295
595	520	-0.291093
595	521	-0.956341
595	585	-0.0398239
595	594	-0.340295
595	595	3.87154
596	523	-0.0858221
596	581	-1.19055
596	583	-0.162461
596	596	3.90519
596	598	-0.698245
597	522	-0.0161014
597	524	-1.22711
597	590	-1.0161
597	597	3.95084
597	598	-0.835556
598	523	-0.789044
598	524	-0.180518
598	596	-0.698245
598	597	-0.835556
598	598	3.68444
599	525	-0.212773
599	529	-0.861222
599	569	-0.70967
599	599	3.61384
599	603	-0.5705
600	526	-0.176371
600	527	-0.938609
600	528	-0.703119
600	532	-0.0196895
600	600	3.68808
600	601	-0.9467
600	602	-0.538322
601	532	-1.22036
601	600	-0.9467
601	601	3.94059
601	605	-0.206765
602	528	-0.592262
602	529	-0.739688
602	600	-0.538322
602	602	3.52968
602	603	-0.610455
603	529	-0.617543
603	599	-0.5705
603	602	-0.610455
603	603	3.57462
604	530	-0.420042
604	531	-0.222376
604	532	-0.610508
604	533	-0.937073
604	604	3.69819
604	605	-0.827538
604	606	-0.662494
605	532	-0.655394
605	601	-0.206765
605	604	-0.827538
605	605	3.60118
606	533	-0.890409
606	552	-0.0746811
606	604	-0.662494
606	606	3.92472
606	624	-0.229471
606	625	-1.04976
607	534	-0.531187
607	535	-1.05392
607	552	-0.38483
607	607	3.72337
607	608	-0.129997
607	624	-0.875509
608	535	-0.692464
608	536	-1.2557
608	607	-0.129997
608	608	3.82832
608	609	-0.237907
609	536	-0.975216
609	538	-0.844778
609	608	-0.237907
609	609	3.68579
609	611	-0.268181
610	537	-0.675947
610	538	-0.313526
610	539	-0.777409
610	610	3.5361
610	611	-0.668193
610	612	-0.623154
611	538	-0.7987
611	609	-0.268181
611	610	-0.668193
611	611	3.53851
612	539	-0.474908
612	540	-0.595761
612	610	-0.623154
612	612	3.48471
612	613	-0.581122
613	540	-0.40353
613	541	-0.595761
613	612	-0.581122
613	613	3.52421
613	614	-0.581122
614	541	-0.341075
614	542	-0.68414
614	613	-0.581122
614	614	3.58864
614	615	-0.440579
615	542	-0.265182
615	544	-1.1072
615	614	-0.440579
615	615	4.00057
615	616	-0.111049
615	617	-1.1442
616	543	-0.834331
616	544	-0.678073
616	545	-1.02598
616	615	-0.111049
616	616	3.6878
616	617	-0.515559
616	618	-0.334224
617	615	-1.1442
617	616	-0.515559
617	617	3.86844
618	545	-0.61406
618	549	-0.649256
618	616	-0.334224
618	618	3.77971
618	622	-0.848596
619	546	-0.733612
619	547	-0.459731
619	548	-0.552268
619	619	3.50495
619	620	-0.565996
619	621	-0.688112
620	547	-0.671888
620	566	-0.519692
620	619	-0.565996
620	620	3.49372
620	639	-0.544567
621	548	-0.649255
621	551	-0.536038
621	619	-0.688112
621	621	3.5411
621	623	-0.659307
622	549	-0.610084
622	550	-0.974338
622	618	-0.848596
622	622	3.69643
622	623	-0.243695
623	550	-0.858413
623	551	-0.336517
623	621	-0.659307
623	622	-0.243695
623	623	3.61707
624	552	-0.839357
624	606	-0.229471
624	607	-0.875509
624	624	3.68545
624	625	-0.46951
625	606	-1.04976
625	624	-0.46951
625	625	3.96441
626	553	-0.778389
626	583	-0.971932
626	626	3.76535
626	627	-0.85254
627	553	-0.295153
627	554	-0.873267
627	626	-0.85254
627	627	3.71274
627	628	-0.818685
628	554	-0.253675
628	555	-0.751861
628	627	-0.818685
628	628	3.63579
628	630	-0.669127
629	556	-0.755414
629	629	3.76851
629	630	-0.88306
629	631	-0.99697
630	555	-0.309952
630	556	-0.555156
630	628	-0.669127
630	629	-0.88306
630	630	3.88985
631	556	-0.56588
631	557	-0.0220815
631	559	-1.01885
631	629	-0.99697
631	631	3.80682
631	632	-0.0298033
632	558	-1.32945
632	559	-0.653466
632	560	-0.0928896
632	631	-0.0298033
632	632	4.0196
632	633	-0.283852
633	560	-0.282241
633	561	-1.03443
633	632	-0.283852
633	633	3.78168
633	634	-0.081247
634	561	-1.01755
634	562	-0.48683
634	633	-0.081247
634	634	3.78871
634	635	-0.315266
635	562	-0.71892
635	563	-1.02119
635	634	-0.315266
635	635	3.66685
635	636	-0.3411
636	563	-0.64607
636	564	-0.711339
636	635	-0.3411
636	636	3.57549
636	637	-0.310322
637	564	-0.707818
637	565	-0.675926
637	636	-0.310322
637	637	3.51903
637	638	-0.587158
638	565	-0.595761
638	566	-0.475022
638	637	-0.587158
638	638	3.48337
638	639	-0.586769
639	566	-0.679824
639	620	-0.544567
639	638	-0.586769
639	639	3.49001
640	640	2.00009
